1 1 CATAN 10 75 0 1995 41.95 10
1 2 UNANIMO 8 20 4 2021 11.95 9
1 3 STRIKE 8 15 3 2012 29.99 5
1 4 ZOMBICIDE 13 180 1 2012 89.99 3
1 5 VIRUS 8 20 2 2015 13.95 15
1 6 TRIVIAL-PURSUIT 16 90 5 1981 34.99 4
2 1 CATAN 10 75 0 1995 41.95 3
2 2 UNANIMO 8 20 4 2021 11.95 0
2 3 STRIKE 8 15 3 2012 29.99 1
2 4 ZOMBICIDE 13 180 1 2012 89.99 10
2 5 VIRUS 8 20 2 2015 13.95 8
2 6 TRIVIAL-PURSUIT 16 90 5 1981 34.99 3
3 1 CATAN 10 75 0 1995 41.95 11
3 2 UNANIMO 8 20 4 2021 11.95 0
3 3 STRIKE 8 15 3 2012 29.99 0
3 4 ZOMBICIDE 13 180 1 2012 89.99 2
3 5 VIRUS 8 20 2 2015 13.95 1
3 6 TRIVIAL-PURSUIT 16 90 5 1981 34.99 5
